2 0.4171875 0.14687500000000003 0.384375 0.14687500000000003 0.384375 0.18281250000000004 0.4171875 0.18281250000000004
2 0.628125 0.1531250000000001 0.5703125 0.1531250000000001 0.5703125 0.18750000000000008 0.628125 0.18750000000000008
2 0.628125 0.1546875000000001 0.6078125 0.1546875000000001 0.6078125 0.38750000000000007 0.628125 0.38750000000000007
2 0.6265625 0.4125 0.6078125 0.4125 0.6078125 0.515625 0.6265625 0.515625
2 0.628125 0.5828125 0.6078125 0.5828125 0.6078125000000001 0.8734375 0.6281250000000002 0.8734375
2 0.6265625000000001 0.8375 0.5796875000000001 0.8375 0.5796875000000001 0.8765625 0.6265625000000001 0.8765625
2 0.5484375000000001 0.8421875 0.4968750000000002 0.8421875 0.4968750000000002 0.8765625 0.5484375000000001 0.8765625
2 0.47187500000000016 0.8359375 0.3937500000000001 0.8359375 0.3937500000000001 0.8796875 0.47187500000000016 0.8796875
2 0.36406250000000007 0.840625 0.3234375000000001 0.840625 0.3234375000000001 0.875 0.36406250000000007 0.875
0 0.5078125 0.08906250000000007 0.4625 0.08906250000000007 0.4625 0.2062500000000001 0.5078125 0.2062500000000001
1 0.6046875000000002 0.7734375 0.5875000000000001 0.7734375 0.5875000000000001 0.8234375 0.6046875000000002 0.8234375