0 0.9078125 0.3890625000000001 0.809375 0.3890625000000001 0.809375 0.5250000000000001 0.9078125 0.5250000000000001
1 0.2250000000000001 0.734375 0.1750000000000001 0.734375 0.1750000000000001 0.784375 0.2250000000000001 0.784375
2 0.8546875 0.18906250000000008 0.8171875 0.18906250000000008 0.8171875 0.2796875000000001 0.8546875 0.2796875000000001
2 0.8546875 0.6921875000000002 0.81875 0.6921875000000002 0.81875 0.834375 0.8546875 0.834375
2 0.859375 0.7906250000000001 0.6093750000000002 0.790625 0.6093750000000002 0.8390625 0.859375 0.8390625
2 0.5921875000000002 0.790625 0.4890625000000002 0.790625 0.4890625000000002 0.8375 0.5921875000000002 0.8375
2 0.4156250000000002 0.7921875 0.12500000000000008 0.7921875 0.12500000000000008 0.840625 0.4156250000000002 0.840625
2 0.16406250000000008 0.7140625 0.1281250000000001 0.7140625 0.1281250000000001 0.8359375 0.16406250000000008 0.8359375
2 0.16093750000000007 0.4859375 0.12343750000000005 0.4859375 0.12343750000000006 0.6296875 0.1609375000000001 0.6296875
2 0.15781250000000005 0.2171875 0.12968750000000004 0.2171875 0.12968750000000004 0.41875 0.15781250000000005 0.41875
2 0.1671875 0.01406250000000002 0.121875 0.014062500000000016 0.121875 0.1328125 0.1671875 0.1328125