0 0.18750000000000006 0.3921875 0.08750000000000005 0.3921875 0.08750000000000005 0.5171875 0.18750000000000006 0.5171875
1 0.8265625 0.7390625000000002 0.7796875000000002 0.7390625000000002 0.7796875000000002 0.7812500000000002 0.8265625 0.7812500000000002
2 0.1828125000000001 0.6890625 0.1437500000000001 0.6890625 0.1437500000000001 0.8390625 0.1828125000000001 0.8390625
2 0.3906250000000001 0.790625 0.1437500000000001 0.790625 0.1437500000000001 0.84375 0.3906250000000001 0.84375
2 0.5187500000000002 0.790625 0.40937500000000016 0.790625 0.40937500000000016 0.84375 0.5187500000000002 0.84375
2 0.878125 0.7921875 0.5859375000000002 0.7921875 0.5859375000000002 0.8359375 0.878125 0.8359375
2 0.88125 0.7109375000000002 0.840625 0.7109375000000002 0.840625 0.8375 0.88125 0.8375
2 0.878125 0.48437500000000017 0.840625 0.48437500000000017 0.840625 0.6250000000000002 0.878125 0.6250000000000002
2 0.88125 0.2156250000000001 0.840625 0.2156250000000001 0.840625 0.4203125000000002 0.88125 0.4203125000000002
2 0.878125 0.017187500000000105 0.840625 0.017187500000000105 0.840625 0.12656250000000008 0.878125 0.12656250000000008
2 0.18281250000000004 0.1921875 0.14531250000000004 0.1921875 0.14531250000000004 0.278125 0.18281250000000004 0.278125