0 0.2171875000000001 0.4046875 0.08906250000000004 0.4046875 0.08906250000000006 0.5203125 0.2171875000000001 0.5203125
1 0.828125 0.7375000000000002 0.7765625000000002 0.7375000000000002 0.7765625000000002 0.7828125000000001 0.828125 0.7828125000000001
2 0.1843750000000001 0.6921875 0.1468750000000001 0.6921875 0.1468750000000001 0.8421875 0.1843750000000001 0.8421875
2 0.3890625000000001 0.7890625 0.1546875000000001 0.7890625 0.1546875000000001 0.84375 0.3890625000000001 0.84375
2 0.5156250000000002 0.790625 0.4125000000000002 0.790625 0.4125000000000002 0.840625 0.5156250000000002 0.840625
2 0.884375 0.7953125000000001 0.5875000000000001 0.7953125 0.5875000000000001 0.8421875 0.884375 0.8421875
2 0.88125 0.7156250000000002 0.846875 0.7156250000000002 0.846875 0.840625 0.88125 0.840625
2 0.88125 0.48437500000000017 0.8375 0.48437500000000017 0.8375 0.6250000000000002 0.88125 0.6250000000000002
2 0.8796875 0.21250000000000008 0.8390625 0.21250000000000008 0.8390625 0.42187500000000017 0.8796875 0.42187500000000017
2 0.17812500000000003 0.1921875 0.15000000000000005 0.1921875 0.15000000000000005 0.2765625 0.17812500000000003 0.2765625
2 0.8796875 0.025000000000000105 0.8390625 0.0250000000000001 0.8390625 0.13437500000000008 0.8796875 0.13437500000000008