2 0.85625 0.7187500000000002 0.8234375 0.7187500000000002 0.8234375 0.80625 0.85625 0.80625
2 0.85625 0.1593750000000001 0.81875 0.1593750000000001 0.81875 0.3125000000000001 0.85625 0.3125000000000001
2 0.8546875 0.1546875000000001 0.6109375 0.1546875000000001 0.6109375 0.21093750000000008 0.8546875 0.21093750000000008
2 0.5890625 0.15312500000000007 0.4859375 0.15312500000000004 0.4859375 0.2062500000000001 0.5890625 0.2062500000000001
2 0.41875 0.1609375 0.125 0.1609375 0.12500000000000003 0.20937500000000003 0.41875 0.2093750000000001
2 0.15937500000000002 0.1609375 0.121875 0.1609375 0.12187500000000002 0.2890625 0.15937500000000004 0.2890625
2 0.15781250000000005 0.371875 0.12031250000000004 0.371875 0.12031250000000004 0.509375 0.15781250000000005 0.509375
2 0.1609375000000001 0.58125 0.12031250000000009 0.58125 0.12031250000000009 0.7859375 0.1609375000000001 0.7859375
2 0.16093750000000012 0.8671875 0.12031250000000009 0.8671875 0.12031250000000011 0.9765625 0.16093750000000012 0.9765625
0 0.909375 0.4781250000000002 0.8078125 0.4781250000000002 0.8078125 0.6109375000000001 0.909375 0.6109375000000001
1 0.225 0.215625 0.17500000000000004 0.215625 0.17500000000000004 0.265625 0.225 0.265625