2 0.28125 0.14375000000000004 0.19375 0.14375000000000004 0.19375 0.17656250000000004 0.28125 0.17656250000000004
2 0.840625 0.1437500000000001 0.6890625 0.1437500000000001 0.6890625 0.18125000000000008 0.840625 0.18125000000000008
2 0.8453125 0.1453125000000001 0.7890625 0.1453125000000001 0.7890625 0.3890625000000001 0.8453125 0.3890625000000001
2 0.846875 0.4109375000000002 0.79375 0.4109375000000002 0.79375 0.5140625000000002 0.846875 0.5140625000000002
2 0.840625 0.5812500000000002 0.7921875 0.5812500000000002 0.7921875 0.8765625 0.840625 0.8765625
2 0.8390625 0.840625 0.7125000000000001 0.840625 0.7125000000000001 0.8796875 0.8390625 0.8796875
2 0.6281250000000002 0.8421875 0.4906250000000002 0.8421875 0.4906250000000002 0.8796875 0.6281250000000002 0.8796875
2 0.4203125000000002 0.8390625 0.2156250000000001 0.8390625 0.2156250000000001 0.88125 0.4203125000000002 0.88125
2 0.13281250000000008 0.8390625 0.023437500000000104 0.8390625 0.023437500000000104 0.88125 0.13281250000000008 0.88125
0 0.521875 0.09218750000000006 0.390625 0.09218750000000005 0.390625 0.19375000000000003 0.521875 0.19375000000000003
1 0.7859375000000002 0.7765625000000002 0.7359375000000001 0.7765625000000002 0.7359375000000001 0.8265625 0.7859375000000002 0.8265625