2 0.1828125000000001 0.584375 0.1468750000000001 0.584375 0.1468750000000001 0.6171875 0.1828125000000001 0.6171875
2 0.18750000000000006 0.371875 0.15312500000000004 0.371875 0.15312500000000004 0.43125 0.18750000000000006 0.43125
2 0.3890625000000001 0.37187500000000007 0.15468750000000003 0.371875 0.15468750000000003 0.39375000000000004 0.3890625000000001 0.3937500000000001
2 0.515625 0.3750000000000001 0.4125 0.3750000000000001 0.4125 0.3937500000000001 0.515625 0.3937500000000001
2 0.8734375 0.3734375000000001 0.5828125 0.3734375000000001 0.5828125 0.3937500000000001 0.8734375 0.3937500000000001
2 0.8765625 0.3734375000000001 0.8390625 0.3734375000000001 0.8390625 0.4203125000000002 0.8765625 0.4203125000000002
2 0.8765625 0.4515625000000002 0.8421875 0.4515625000000002 0.8421875 0.5031250000000002 0.8765625 0.5031250000000002
2 0.8796875 0.5281250000000002 0.8359375 0.5281250000000002 0.8359375 0.6062500000000002 0.8796875 0.6062500000000002
2 0.875 0.6375000000000002 0.840625 0.6375000000000002 0.840625 0.6781250000000002 0.875 0.6781250000000002
0 0.2062500000000001 0.49375 0.09062500000000007 0.49375 0.09062500000000007 0.5390625 0.2062500000000001 0.5390625
1 0.8234375 0.39531250000000007 0.7734375 0.39531250000000007 0.7734375 0.41406250000000017 0.8234375 0.41406250000000017