2 0.85625 0.1937500000000001 0.8234375 0.1937500000000001 0.8234375 0.2812500000000001 0.85625 0.2812500000000001
2 0.85625 0.6890625000000001 0.81875 0.6890625000000001 0.81875 0.8421875 0.85625 0.8421875
2 0.8546875 0.7890625000000001 0.6109375000000001 0.7890625 0.6109375000000001 0.8453125 0.8546875 0.8453125
2 0.5890625000000002 0.79375 0.4859375000000002 0.79375 0.4859375000000002 0.846875 0.5890625000000002 0.846875
2 0.4187500000000002 0.7921875 0.12500000000000008 0.7921875 0.12500000000000008 0.840625 0.4187500000000002 0.840625
2 0.1593750000000001 0.7125 0.1218750000000001 0.7125 0.1218750000000001 0.840625 0.1593750000000001 0.840625
2 0.15781250000000008 0.490625 0.12031250000000004 0.490625 0.12031250000000007 0.628125 0.15781250000000008 0.628125
2 0.16093750000000004 0.215625 0.12031250000000004 0.215625 0.12031250000000004 0.4203125 0.16093750000000004 0.4203125
2 0.1609375 0.02343750000000002 0.1203125 0.023437500000000017 0.1203125 0.1328125 0.1609375 0.1328125
0 0.909375 0.3906250000000001 0.8078125 0.3906250000000001 0.8078125 0.5218750000000002 0.909375 0.5218750000000002
1 0.2250000000000001 0.7359375 0.1750000000000001 0.7359375 0.1750000000000001 0.7859375 0.2250000000000001 0.7859375