0 0.5171875 0.08750000000000005 0.3921875 0.08750000000000005 0.3921875 0.18750000000000006 0.5171875 0.18750000000000006
1 0.7812500000000002 0.7781250000000002 0.7390625000000002 0.7781250000000002 0.7390625000000002 0.8265625 0.7812500000000002 0.8265625
2 0.8390625 0.1437500000000001 0.6890625 0.1437500000000001 0.6890625 0.1828125000000001 0.8390625 0.1828125000000001
2 0.8421875 0.1437500000000001 0.790625 0.1437500000000001 0.790625 0.3890625000000001 0.8421875 0.3890625000000001
2 0.8421875 0.40937500000000016 0.790625 0.40937500000000016 0.790625 0.5187500000000002 0.8421875 0.5187500000000002
2 0.8359375 0.5859375000000002 0.7921875 0.5859375000000002 0.7921875 0.878125 0.8359375 0.878125
2 0.8375 0.840625 0.7109375000000002 0.840625 0.7109375000000002 0.8796875 0.8375 0.8796875
2 0.6234375000000002 0.840625 0.48437500000000017 0.840625 0.48437500000000017 0.878125 0.6234375000000002 0.878125
2 0.4203125000000002 0.840625 0.2156250000000001 0.840625 0.2156250000000001 0.8796875 0.4203125000000002 0.8796875
2 0.12656250000000008 0.840625 0.015625000000000104 0.840625 0.015625000000000104 0.878125 0.12656250000000008 0.878125
2 0.278125 0.14531250000000004 0.1921875 0.14531250000000004 0.1921875 0.18281250000000004 0.278125 0.18281250000000004