0 0.19218750000000004 0.3890625 0.09375000000000004 0.3890625 0.09375000000000006 0.525 0.19218750000000004 0.525
1 0.825 0.7343750000000002 0.7750000000000001 0.7343750000000002 0.7750000000000001 0.7843750000000002 0.825 0.7843750000000002
2 0.18281250000000004 0.18906250000000002 0.14531250000000004 0.1890625 0.14531250000000004 0.2796875 0.18281250000000004 0.2796875
2 0.18125000000000008 0.6921875 0.1453125000000001 0.6921875 0.1453125000000001 0.834375 0.18125000000000008 0.834375
2 0.3921875000000001 0.790625 0.14218750000000008 0.790625 0.14218750000000008 0.8390625 0.3921875000000001 0.8390625
2 0.5125000000000002 0.790625 0.40937500000000016 0.790625 0.40937500000000016 0.8375 0.5125000000000002 0.8375
2 0.875 0.7921875 0.5843750000000002 0.7921875 0.5843750000000002 0.840625 0.875 0.840625
2 0.8734375 0.7140625000000002 0.8375 0.7140625000000002 0.8375 0.8359375 0.8734375 0.8359375
2 0.878125 0.4859375000000002 0.840625 0.4859375000000002 0.840625 0.6296875000000002 0.878125 0.6296875000000002
2 0.8703125 0.2171875000000001 0.8421875 0.2171875000000001 0.8421875 0.4187500000000002 0.8703125 0.4187500000000002
2 0.878125 0.014062500000000103 0.8328125 0.0140625000000001 0.8328125 0.13281250000000008 0.878125 0.13281250000000008