0 0.5203125 0.08906250000000006 0.403125 0.08906250000000004 0.403125 0.2156250000000001 0.5203125 0.2156250000000001
1 0.7828125000000001 0.7765625000000002 0.7375000000000002 0.7765625000000002 0.7375000000000002 0.828125 0.7828125000000001 0.828125
2 0.840625 0.1468750000000001 0.6921875 0.1468750000000001 0.6921875 0.1843750000000001 0.840625 0.1843750000000001
2 0.84375 0.1531250000000001 0.7890625 0.1531250000000001 0.7890625 0.3890625000000001 0.84375 0.3890625000000001
2 0.840625 0.4125000000000002 0.790625 0.4125000000000002 0.790625 0.5140625000000002 0.840625 0.5140625000000002
2 0.840625 0.5859375000000002 0.7953125 0.5859375000000002 0.7953125000000001 0.884375 0.840625 0.884375
2 0.840625 0.846875 0.7156250000000002 0.846875 0.7156250000000002 0.88125 0.840625 0.88125
2 0.6250000000000002 0.8375 0.48437500000000017 0.8375 0.48437500000000017 0.88125 0.6250000000000002 0.88125
2 0.42187500000000017 0.8390625 0.21250000000000008 0.8390625 0.21250000000000008 0.8796875 0.42187500000000017 0.8796875
2 0.2765625 0.15000000000000005 0.190625 0.15000000000000005 0.190625 0.17812500000000003 0.2765625 0.17812500000000003
2 0.13281250000000008 0.8390625 0.0250000000000001 0.8390625 0.025000000000000105 0.878125 0.13281250000000008 0.878125